pResectionNAT  pATSF QALMs-SF QALMs-NAT
0.26           0.32     17.5     15.3
0.26           0.34     17.5     15.3
0.26           0.36     17.5     15.3
0.26           0.38     17.5     15.3
0.26           0.4     17.5     15.3
0.26           0.42     17.5     15.3
0.26           0.44     17.5     15.3
0.26           0.46     17.5     15.3
0.26           0.48     17.5     15.3
0.26           0.5     17.5     15.3
0.26           0.52     17.5     15.3
0.26           0.54     17.5     15.3
0.26           0.56     17.5     15.3
0.26           0.58     17.5     15.3
0.26           0.6     17.5     15.3
0.26           0.62     17.5     15.3
0.26           0.64     17.5     15.3
0.26           0.66     17.5     15.3
0.26           0.68     17.5     15.3
0.26           0.7     17.5     15.3
0.26           0.72     17.5     15.3
0.26           0.74     17.5     15.3
0.26           0.76     17.5     15.3
0.26           0.78     17.5     15.3
0.26           0.8     17.5     15.3
0.26           0.82     17.5     15.3
0.26           0.84     17.5     15.3
0.26           0.86     17.5     15.3
0.26           0.88     17.5     15.3
0.26           0.9     17.5     15.3
0.28           0.32     17.5     15.5
0.28           0.34     17.5     15.5
0.28           0.36     17.5     15.5
0.28           0.38     17.5     15.5
0.28           0.4     17.5     15.5
0.28           0.42     17.5     15.5
0.28           0.44     17.5     15.5
0.28           0.46     17.5     15.5
0.28           0.48     17.5     15.5
0.28           0.5     17.5     15.5
0.28           0.52     17.5     15.5
0.28           0.54     17.5     15.5
0.28           0.56     17.5     15.5
0.28           0.58     17.5     15.5
0.28           0.6     17.5     15.5
0.28           0.62     17.5     15.5
0.28           0.64     17.5     15.5
0.28           0.66     17.5     15.5
0.28           0.68     17.5     15.5
0.28           0.7     17.5     15.5
0.28           0.72     17.5     15.5
0.28           0.74     17.5     15.5
0.28           0.76     17.5     15.5
0.28           0.78     17.5     15.5
0.28           0.8     17.5     15.5
0.28           0.82     17.5     15.5
0.28           0.84     17.5     15.5
0.28           0.86     17.5     15.5
0.28           0.88     17.5     15.5
0.28           0.9     17.5     15.5
0.3           0.32     17.5     15.6
0.3           0.34     17.5     15.6
0.3           0.36     17.5     15.6
0.3           0.38     17.5     15.6
0.3           0.4     17.5     15.6
0.3           0.42     17.5     15.6
0.3           0.44     17.5     15.6
0.3           0.46     17.5     15.6
0.3           0.48     17.5     15.6
0.3           0.5     17.5     15.6
0.3           0.52     17.5     15.6
0.3           0.54     17.5     15.6
0.3           0.56     17.5     15.6
0.3           0.58     17.5     15.6
0.3           0.6     17.5     15.6
0.3           0.62     17.5     15.6
0.3           0.64     17.5     15.6
0.3           0.66     17.5     15.6
0.3           0.68     17.5     15.6
0.3           0.7     17.5     15.6
0.3           0.72     17.5     15.6
0.3           0.74     17.5     15.6
0.3           0.76     17.5     15.6
0.3           0.78     17.5     15.6
0.3           0.8     17.5     15.6
0.3           0.82     17.5     15.6
0.3           0.84     17.5     15.6
0.3           0.86     17.5     15.6
0.3           0.88     17.5     15.6
0.3           0.9     17.5     15.6
0.32           0.32     17.5     15.8
0.32           0.34     17.5     15.8
0.32           0.36     17.5     15.8
0.32           0.38     17.5     15.8
0.32           0.4     17.5     15.8
0.32           0.42     17.5     15.8
0.32           0.44     17.5     15.8
0.32           0.46     17.5     15.8
0.32           0.48     17.5     15.8
0.32           0.5     17.5     15.8
0.32           0.52     17.5     15.8
0.32           0.54     17.5     15.8
0.32           0.56     17.5     15.8
0.32           0.58     17.5     15.8
0.32           0.6     17.5     15.8
0.32           0.62     17.5     15.8
0.32           0.64     17.5     15.8
0.32           0.66     17.5     15.8
0.32           0.68     17.5     15.8
0.32           0.7     17.5     15.8
0.32           0.72     17.5     15.8
0.32           0.74     17.5     15.8
0.32           0.76     17.5     15.8
0.32           0.78     17.5     15.8
0.32           0.8     17.5     15.8
0.32           0.82     17.5     15.8
0.32           0.84     17.5     15.8
0.32           0.86     17.5     15.8
0.32           0.88     17.5     15.8
0.32           0.9     17.5     15.8
0.34           0.32     17.5     16.0
0.34           0.34     17.5     16.0
0.34           0.36     17.5     16.0
0.34           0.38     17.5     16.0
0.34           0.4     17.5     16.0
0.34           0.42     17.5     16.0
0.34           0.44     17.5     16.0
0.34           0.46     17.5     16.0
0.34           0.48     17.5     16.0
0.34           0.5     17.5     16.0
0.34           0.52     17.5     16.0
0.34           0.54     17.5     16.0
0.34           0.56     17.5     16.0
0.34           0.58     17.5     16.0
0.34           0.6     17.5     16.0
0.34           0.62     17.5     16.0
0.34           0.64     17.5     16.0
0.34           0.66     17.5     16.0
0.34           0.68     17.5     16.0
0.34           0.7     17.5     16.0
0.34           0.72     17.5     16.0
0.34           0.74     17.5     16.0
0.34           0.76     17.5     16.0
0.34           0.78     17.5     16.0
0.34           0.8     17.5     16.0
0.34           0.82     17.5     16.0
0.34           0.84     17.5     16.0
0.34           0.86     17.5     16.0
0.34           0.88     17.5     16.0
0.34           0.9     17.5     16.0
0.36           0.32     17.5     16.1
0.36           0.34     17.5     16.1
0.36           0.36     17.5     16.1
0.36           0.38     17.5     16.1
0.36           0.4     17.5     16.1
0.36           0.42     17.5     16.1
0.36           0.44     17.5     16.1
0.36           0.46     17.5     16.1
0.36           0.48     17.5     16.1
0.36           0.5     17.5     16.1
0.36           0.52     17.5     16.1
0.36           0.54     17.5     16.1
0.36           0.56     17.5     16.1
0.36           0.58     17.5     16.1
0.36           0.6     17.5     16.1
0.36           0.62     17.5     16.1
0.36           0.64     17.5     16.1
0.36           0.66     17.5     16.1
0.36           0.68     17.5     16.1
0.36           0.7     17.5     16.1
0.36           0.72     17.5     16.1
0.36           0.74     17.5     16.1
0.36           0.76     17.5     16.1
0.36           0.78     17.5     16.1
0.36           0.8     17.5     16.1
0.36           0.82     17.5     16.1
0.36           0.84     17.5     16.1
0.36           0.86     17.5     16.1
0.36           0.88     17.5     16.1
0.36           0.9     17.5     16.1
0.38           0.32     17.5     16.3
0.38           0.34     17.5     16.3
0.38           0.36     17.5     16.3
0.38           0.38     17.5     16.3
0.38           0.4     17.5     16.3
0.38           0.42     17.5     16.3
0.38           0.44     17.5     16.3
0.38           0.46     17.5     16.3
0.38           0.48     17.5     16.3
0.38           0.5     17.5     16.3
0.38           0.52     17.5     16.3
0.38           0.54     17.5     16.3
0.38           0.56     17.5     16.3
0.38           0.58     17.5     16.3
0.38           0.6     17.5     16.3
0.38           0.62     17.5     16.3
0.38           0.64     17.5     16.3
0.38           0.66     17.5     16.3
0.38           0.68     17.5     16.3
0.38           0.7     17.5     16.3
0.38           0.72     17.5     16.3
0.38           0.74     17.5     16.3
0.38           0.76     17.5     16.3
0.38           0.78     17.5     16.3
0.38           0.8     17.5     16.3
0.38           0.82     17.5     16.3
0.38           0.84     17.5     16.3
0.38           0.86     17.5     16.3
0.38           0.88     17.5     16.3
0.38           0.9     17.5     16.3
0.4           0.32     17.5     16.4
0.4           0.34     17.5     16.4
0.4           0.36     17.5     16.4
0.4           0.38     17.5     16.4
0.4           0.4     17.5     16.4
0.4           0.42     17.5     16.4
0.4           0.44     17.5     16.4
0.4           0.46     17.5     16.4
0.4           0.48     17.5     16.4
0.4           0.5     17.5     16.4
0.4           0.52     17.5     16.4
0.4           0.54     17.5     16.4
0.4           0.56     17.5     16.4
0.4           0.58     17.5     16.4
0.4           0.6     17.5     16.4
0.4           0.62     17.5     16.4
0.4           0.64     17.5     16.4
0.4           0.66     17.5     16.4
0.4           0.68     17.5     16.4
0.4           0.7     17.5     16.4
0.4           0.72     17.5     16.4
0.4           0.74     17.5     16.4
0.4           0.76     17.5     16.4
0.4           0.78     17.5     16.4
0.4           0.8     17.5     16.4
0.4           0.82     17.5     16.4
0.4           0.84     17.5     16.4
0.4           0.86     17.5     16.4
0.4           0.88     17.5     16.4
0.4           0.9     17.5     16.4
0.42           0.32     17.5     16.6
0.42           0.34     17.5     16.6
0.42           0.36     17.5     16.6
0.42           0.38     17.5     16.6
0.42           0.4     17.5     16.6
0.42           0.42     17.5     16.6
0.42           0.44     17.5     16.6
0.42           0.46     17.5     16.6
0.42           0.48     17.5     16.6
0.42           0.5     17.5     16.6
0.42           0.52     17.5     16.6
0.42           0.54     17.5     16.6
0.42           0.56     17.5     16.6
0.42           0.58     17.5     16.6
0.42           0.6     17.5     16.6
0.42           0.62     17.5     16.6
0.42           0.64     17.5     16.6
0.42           0.66     17.5     16.6
0.42           0.68     17.5     16.6
0.42           0.7     17.5     16.6
0.42           0.72     17.5     16.6
0.42           0.74     17.5     16.6
0.42           0.76     17.5     16.6
0.42           0.78     17.5     16.6
0.42           0.8     17.5     16.6
0.42           0.82     17.5     16.6
0.42           0.84     17.5     16.6
0.42           0.86     17.5     16.6
0.42           0.88     17.5     16.6
0.42           0.9     17.5     16.6
0.44           0.32     17.5     16.7
0.44           0.34     17.5     16.7
0.44           0.36     17.5     16.7
0.44           0.38     17.5     16.7
0.44           0.4     17.5     16.7
0.44           0.42     17.5     16.7
0.44           0.44     17.5     16.7
0.44           0.46     17.5     16.7
0.44           0.48     17.5     16.7
0.44           0.5     17.5     16.7
0.44           0.52     17.5     16.7
0.44           0.54     17.5     16.7
0.44           0.56     17.5     16.7
0.44           0.58     17.5     16.7
0.44           0.6     17.5     16.7
0.44           0.62     17.5     16.7
0.44           0.64     17.5     16.7
0.44           0.66     17.5     16.7
0.44           0.68     17.5     16.7
0.44           0.7     17.5     16.7
0.44           0.72     17.5     16.7
0.44           0.74     17.5     16.7
0.44           0.76     17.5     16.7
0.44           0.78     17.5     16.7
0.44           0.8     17.5     16.7
0.44           0.82     17.5     16.7
0.44           0.84     17.5     16.7
0.44           0.86     17.5     16.7
0.44           0.88     17.5     16.7
0.44           0.9     17.5     16.7
0.46           0.32     17.5     16.9
0.46           0.34     17.5     16.9
0.46           0.36     17.5     16.9
0.46           0.38     17.5     16.9
0.46           0.4     17.5     16.9
0.46           0.42     17.5     16.9
0.46           0.44     17.5     16.9
0.46           0.46     17.5     16.9
0.46           0.48     17.5     16.9
0.46           0.5     17.5     16.9
0.46           0.52     17.5     16.9
0.46           0.54     17.5     16.9
0.46           0.56     17.5     16.9
0.46           0.58     17.5     16.9
0.46           0.6     17.5     16.9
0.46           0.62     17.5     16.9
0.46           0.64     17.5     16.9
0.46           0.66     17.5     16.9
0.46           0.68     17.5     16.9
0.46           0.7     17.5     16.9
0.46           0.72     17.5     16.9
0.46           0.74     17.5     16.9
0.46           0.76     17.5     16.9
0.46           0.78     17.5     16.9
0.46           0.8     17.5     16.9
0.46           0.82     17.5     16.9
0.46           0.84     17.5     16.9
0.46           0.86     17.5     16.9
0.46           0.88     17.5     16.9
0.46           0.9     17.5     16.9
0.48           0.32     17.5     17.1
0.48           0.34     17.5     17.1
0.48           0.36     17.5     17.1
0.48           0.38     17.5     17.1
0.48           0.4     17.5     17.1
0.48           0.42     17.5     17.1
0.48           0.44     17.5     17.1
0.48           0.46     17.5     17.1
0.48           0.48     17.5     17.1
0.48           0.5     17.5     17.1
0.48           0.52     17.5     17.1
0.48           0.54     17.5     17.1
0.48           0.56     17.5     17.1
0.48           0.58     17.5     17.1
0.48           0.6     17.5     17.1
0.48           0.62     17.5     17.1
0.48           0.64     17.5     17.1
0.48           0.66     17.5     17.1
0.48           0.68     17.5     17.1
0.48           0.7     17.5     17.1
0.48           0.72     17.5     17.1
0.48           0.74     17.5     17.1
0.48           0.76     17.5     17.1
0.48           0.78     17.5     17.1
0.48           0.8     17.5     17.1
0.48           0.82     17.5     17.1
0.48           0.84     17.5     17.1
0.48           0.86     17.5     17.1
0.48           0.88     17.5     17.1
0.48           0.9     17.5     17.1
0.5           0.32     17.5     17.2
0.5           0.34     17.5     17.2
0.5           0.36     17.5     17.2
0.5           0.38     17.5     17.2
0.5           0.4     17.5     17.2
0.5           0.42     17.5     17.2
0.5           0.44     17.5     17.2
0.5           0.46     17.5     17.2
0.5           0.48     17.5     17.2
0.5           0.5     17.5     17.2
0.5           0.52     17.5     17.2
0.5           0.54     17.5     17.2
0.5           0.56     17.5     17.2
0.5           0.58     17.5     17.2
0.5           0.6     17.5     17.2
0.5           0.62     17.5     17.2
0.5           0.64     17.5     17.2
0.5           0.66     17.5     17.2
0.5           0.68     17.5     17.2
0.5           0.7     17.5     17.2
0.5           0.72     17.5     17.2
0.5           0.74     17.5     17.2
0.5           0.76     17.5     17.2
0.5           0.78     17.5     17.2
0.5           0.8     17.5     17.2
0.5           0.82     17.5     17.2
0.5           0.84     17.5     17.2
0.5           0.86     17.5     17.2
0.5           0.88     17.5     17.2
0.5           0.9     17.5     17.2
0.52           0.32     17.5     17.4
0.52           0.34     17.5     17.4
0.52           0.36     17.5     17.4
0.52           0.38     17.5     17.4
0.52           0.4     17.5     17.4
0.52           0.42     17.5     17.4
0.52           0.44     17.5     17.4
0.52           0.46     17.5     17.4
0.52           0.48     17.5     17.4
0.52           0.5     17.5     17.4
0.52           0.52     17.5     17.4
0.52           0.54     17.5     17.4
0.52           0.56     17.5     17.4
0.52           0.58     17.5     17.4
0.52           0.6     17.5     17.4
0.52           0.62     17.5     17.4
0.52           0.64     17.5     17.4
0.52           0.66     17.5     17.4
0.52           0.68     17.5     17.4
0.52           0.7     17.5     17.4
0.52           0.72     17.5     17.4
0.52           0.74     17.5     17.4
0.52           0.76     17.5     17.4
0.52           0.78     17.5     17.4
0.52           0.8     17.5     17.4
0.52           0.82     17.5     17.4
0.52           0.84     17.5     17.4
0.52           0.86     17.5     17.4
0.52           0.88     17.5     17.4
0.52           0.9     17.5     17.4
0.54           0.32     17.5     17.5
0.54           0.34     17.5     17.5
0.54           0.36     17.5     17.5
0.54           0.38     17.5     17.5
0.54           0.4     17.5     17.5
0.54           0.42     17.5     17.5
0.54           0.44     17.5     17.5
0.54           0.46     17.5     17.5
0.54           0.48     17.5     17.5
0.54           0.5     17.5     17.5
0.54           0.52     17.5     17.5
0.54           0.54     17.5     17.5
0.54           0.56     17.5     17.5
0.54           0.58     17.5     17.5
0.54           0.6     17.5     17.5
0.54           0.62     17.5     17.5
0.54           0.64     17.5     17.5
0.54           0.66     17.5     17.5
0.54           0.68     17.5     17.5
0.54           0.7     17.5     17.5
0.54           0.72     17.5     17.5
0.54           0.74     17.5     17.5
0.54           0.76     17.5     17.5
0.54           0.78     17.5     17.5
0.54           0.8     17.5     17.5
0.54           0.82     17.5     17.5
0.54           0.84     17.5     17.5
0.54           0.86     17.5     17.5
0.54           0.88     17.5     17.5
0.54           0.9     17.5     17.5
0.56           0.32     17.5     17.7
0.56           0.34     17.5     17.7
0.56           0.36     17.5     17.7
0.56           0.38     17.5     17.7
0.56           0.4     17.5     17.7
0.56           0.42     17.5     17.7
0.56           0.44     17.5     17.7
0.56           0.46     17.5     17.7
0.56           0.48     17.5     17.7
0.56           0.5     17.5     17.7
0.56           0.52     17.5     17.7
0.56           0.54     17.5     17.7
0.56           0.56     17.5     17.7
0.56           0.58     17.5     17.7
0.56           0.6     17.5     17.7
0.56           0.62     17.5     17.7
0.56           0.64     17.5     17.7
0.56           0.66     17.5     17.7
0.56           0.68     17.5     17.7
0.56           0.7     17.5     17.7
0.56           0.72     17.5     17.7
0.56           0.74     17.5     17.7
0.56           0.76     17.5     17.7
0.56           0.78     17.5     17.7
0.56           0.8     17.5     17.7
0.56           0.82     17.5     17.7
0.56           0.84     17.5     17.7
0.56           0.86     17.5     17.7
0.56           0.88     17.5     17.7
0.56           0.9     17.5     17.7
0.58           0.32     17.5     17.8
0.58           0.34     17.5     17.8
0.58           0.36     17.5     17.8
0.58           0.38     17.5     17.8
0.58           0.4     17.5     17.8
0.58           0.42     17.5     17.8
0.58           0.44     17.5     17.8
0.58           0.46     17.5     17.8
0.58           0.48     17.5     17.8
0.58           0.5     17.5     17.8
0.58           0.52     17.5     17.8
0.58           0.54     17.5     17.8
0.58           0.56     17.5     17.8
0.58           0.58     17.5     17.8
0.58           0.6     17.5     17.8
0.58           0.62     17.5     17.8
0.58           0.64     17.5     17.8
0.58           0.66     17.5     17.8
0.58           0.68     17.5     17.8
0.58           0.7     17.5     17.8
0.58           0.72     17.5     17.8
0.58           0.74     17.5     17.8
0.58           0.76     17.5     17.8
0.58           0.78     17.5     17.8
0.58           0.8     17.5     17.8
0.58           0.82     17.5     17.8
0.58           0.84     17.5     17.8
0.58           0.86     17.5     17.8
0.58           0.88     17.5     17.8
0.58           0.9     17.5     17.8
0.6           0.32     17.5     18.0
0.6           0.34     17.5     18.0
0.6           0.36     17.5     18.0
0.6           0.38     17.5     18.0
0.6           0.4     17.5     18.0
0.6           0.42     17.5     18.0
0.6           0.44     17.5     18.0
0.6           0.46     17.5     18.0
0.6           0.48     17.5     18.0
0.6           0.5     17.5     18.0
0.6           0.52     17.5     18.0
0.6           0.54     17.5     18.0
0.6           0.56     17.5     18.0
0.6           0.58     17.5     18.0
0.6           0.6     17.5     18.0
0.6           0.62     17.5     18.0
0.6           0.64     17.5     18.0
0.6           0.66     17.5     18.0
0.6           0.68     17.5     18.0
0.6           0.7     17.5     18.0
0.6           0.72     17.5     18.0
0.6           0.74     17.5     18.0
0.6           0.76     17.5     18.0
0.6           0.78     17.5     18.0
0.6           0.8     17.5     18.0
0.6           0.82     17.5     18.0
0.6           0.84     17.5     18.0
0.6           0.86     17.5     18.0
0.6           0.88     17.5     18.0
0.6           0.9     17.5     18.0
0.62           0.32     17.5     18.2
0.62           0.34     17.5     18.2
0.62           0.36     17.5     18.2
0.62           0.38     17.5     18.2
0.62           0.4     17.5     18.2
0.62           0.42     17.5     18.2
0.62           0.44     17.5     18.2
0.62           0.46     17.5     18.2
0.62           0.48     17.5     18.2
0.62           0.5     17.5     18.2
0.62           0.52     17.5     18.2
0.62           0.54     17.5     18.2
0.62           0.56     17.5     18.2
0.62           0.58     17.5     18.2
0.62           0.6     17.5     18.2
0.62           0.62     17.5     18.2
0.62           0.64     17.5     18.2
0.62           0.66     17.5     18.2
0.62           0.68     17.5     18.2
0.62           0.7     17.5     18.2
0.62           0.72     17.5     18.2
0.62           0.74     17.5     18.2
0.62           0.76     17.5     18.2
0.62           0.78     17.5     18.2
0.62           0.8     17.5     18.2
0.62           0.82     17.5     18.2
0.62           0.84     17.5     18.2
0.62           0.86     17.5     18.2
0.62           0.88     17.5     18.2
0.62           0.9     17.5     18.2
0.64           0.32     17.5     18.3
0.64           0.34     17.5     18.3
0.64           0.36     17.5     18.3
0.64           0.38     17.5     18.3
0.64           0.4     17.5     18.3
0.64           0.42     17.5     18.3
0.64           0.44     17.5     18.3
0.64           0.46     17.5     18.3
0.64           0.48     17.5     18.3
0.64           0.5     17.5     18.3
0.64           0.52     17.5     18.3
0.64           0.54     17.5     18.3
0.64           0.56     17.5     18.3
0.64           0.58     17.5     18.3
0.64           0.6     17.5     18.3
0.64           0.62     17.5     18.3
0.64           0.64     17.5     18.3
0.64           0.66     17.5     18.3
0.64           0.68     17.5     18.3
0.64           0.7     17.5     18.3
0.64           0.72     17.5     18.3
0.64           0.74     17.5     18.3
0.64           0.76     17.5     18.3
0.64           0.78     17.5     18.3
0.64           0.8     17.5     18.3
0.64           0.82     17.5     18.3
0.64           0.84     17.5     18.3
0.64           0.86     17.5     18.3
0.64           0.88     17.5     18.3
0.64           0.9     17.5     18.3
0.66           0.32     17.5     18.5
0.66           0.34     17.5     18.5
0.66           0.36     17.5     18.5
0.66           0.38     17.5     18.5
0.66           0.4     17.5     18.5
0.66           0.42     17.5     18.5
0.66           0.44     17.5     18.5
0.66           0.46     17.5     18.5
0.66           0.48     17.5     18.5
0.66           0.5     17.5     18.5
0.66           0.52     17.5     18.5
0.66           0.54     17.5     18.5
0.66           0.56     17.5     18.5
0.66           0.58     17.5     18.5
0.66           0.6     17.5     18.5
0.66           0.62     17.5     18.5
0.66           0.64     17.5     18.5
0.66           0.66     17.5     18.5
0.66           0.68     17.5     18.5
0.66           0.7     17.5     18.5
0.66           0.72     17.5     18.5
0.66           0.74     17.5     18.5
0.66           0.76     17.5     18.5
0.66           0.78     17.5     18.5
0.66           0.8     17.5     18.5
0.66           0.82     17.5     18.5
0.66           0.84     17.5     18.5
0.66           0.86     17.5     18.5
0.66           0.88     17.5     18.5
0.66           0.9     17.5     18.5
0.68           0.32     17.5     18.6
0.68           0.34     17.5     18.6
0.68           0.36     17.5     18.6
0.68           0.38     17.5     18.6
0.68           0.4     17.5     18.6
0.68           0.42     17.5     18.6
0.68           0.44     17.5     18.6
0.68           0.46     17.5     18.6
0.68           0.48     17.5     18.6
0.68           0.5     17.5     18.6
0.68           0.52     17.5     18.6
0.68           0.54     17.5     18.6
0.68           0.56     17.5     18.6
0.68           0.58     17.5     18.6
0.68           0.6     17.5     18.6
0.68           0.62     17.5     18.6
0.68           0.64     17.5     18.6
0.68           0.66     17.5     18.6
0.68           0.68     17.5     18.6
0.68           0.7     17.5     18.6
0.68           0.72     17.5     18.6
0.68           0.74     17.5     18.6
0.68           0.76     17.5     18.6
0.68           0.78     17.5     18.6
0.68           0.8     17.5     18.6
0.68           0.82     17.5     18.6
0.68           0.84     17.5     18.6
0.68           0.86     17.5     18.6
0.68           0.88     17.5     18.6
0.68           0.9     17.5     18.6